src,meta_id,rel_path,sha256,ripemd160_sha256,frozen_name
Submission_file_dossier,REGULATORY-RUN-20251027-S01,AuditLog.AI_Runtime_Execution_and_System_Validation_Evidence_Dossier_FINAL_METADATA.pdf,fc46851b4854ca45798b741c0fb001eaa0945eb73c98795900c87939acb30d8a,b0c8b2223eab705cac6bf7801b64945f7ed47022,AuditLog.AI_Runtime_Execution_and_System_Validation_Evidence_Dossier_FINAL_METADATA___20251027T231047Z.pdf
